1 2020
2 2018
3 2019
4 2014
5 2017
6 2023
7 2020
8 2006
9 2020
10 2023
11 1986
12 2005
13 1977
14 2019
15 2019
16 2015
17 2015
18 2019
19 1969
1 2000
2 1973
3 2021
4 2008
5 2024
6 2011
7 2022
8 1965
9 2021
10 2014
11 2004
12 2019
13 2021
14 2017
15 2024
16 2010
17 1992
18 1989
19 2020
20 2012
1 2016
2 2016
3 2020
4 2020
5 2008
6 2023
7 2016
8 2014
9 2000
10 2017
11 2012
12 2023
13 2020
14 2017
15 2018
16 2023
17 1973
18 2020
19 2018
20 2015
1 2017
2 2016
3 1972
4 2000
5 2005
6 2022
7 2017
8 2018
9 2018
10 2023
11 2019
12 2019
13 2019
14 2023
15 2019
16 2016
17 2023
18 2008
19 2023
20 2012
1 2017
2 2023
3 2020
4 2022
5 2021
6 2000
7 2008
8 2020
9 2000
10 2020
11 2023
12 2020
13 2020
14 2015
15 1998
16 2019
17 2022
18 2019
19 2021
20 1997
1 2013
2 2020
3 2022
4 2013
5 2014
6 2019
7 2018
8 2018
9 2023
10 1996
11 2005
12 2015
13 2021
14 2021
15 2017
16 2019
17 2001
18 2000
1 2019
2 2016
3 2019
4 2018
5 2023
6 2023
7 2013
8 2023
9 2022
10 2008
11 2013
12 2012
13 2004
14 2014
15 2023
16 2019
1 2010
2 2009
3 2022
4 2013
5 2020
6 2022
7 2019
8 2020
9 2021
10 2019
11 2022
12 2017
13 2023
14 2015
15 2018
16 2018
17 2021
18 2022
19 2023
1 2017
2 1997
3 2016
4 1967
5 2022
6 2018
7 1999
8 2013
9 2024
10 2021
11 2018
12 2024
13 2019
14 2015
15 2016
16 2006
17 2021
18 2019
19 2023
1 2014
2 2023
3 2012
4 2018
5 2013
6 2017
7 1979
8 2023
9 2021
10 2008
11 2022
12 2020
13 2020
14 2008
15 2016
16 2016
17 2020
18 2007
19 2023
